Sample	Orwoll_BI0023_BI	Orwoll_BI0056_BI	Orwoll_BI0131_BI	Orwoll_BI0153_BI	Orwoll_BI0215_BI	Orwoll_BI0353_BI
Orwoll_BI0023_BI	0.0000000	0.4038480	0.3646170	0.3662047	0.3484475	0.5317435
Orwoll_BI0056_BI	0.4038480	0.0000000	0.3883069	0.4069649	0.3338068	0.5172212
Orwoll_BI0131_BI	0.3646170	0.3883069	0.0000000	0.4222689	0.4006152	0.5693300
Orwoll_BI0153_BI	0.3662047	0.4069649	0.4222689	0.0000000	0.2608365	0.4297697
Orwoll_BI0215_BI	0.3484475	0.3338068	0.4006152	0.2608365	0.0000000	0.4572698
Orwoll_BI0353_BI	0.5317435	0.5172212	0.5693300	0.4297697	0.4572698	0.0000000
