	Orwoll_BI0023_BI	Orwoll_BI0056_BI	Orwoll_BI0131_BI	Orwoll_BI0153_BI	Orwoll_BI0215_BI	Orwoll_BI0353_BI
Orwoll_BI0023_BI	0	0.403847873210907	0.3646169304847717	0.366204708814621	0.3484474122524261	0.5317433476448059
Orwoll_BI0056_BI	0.403847873210907	0	0.3883068859577179	0.4069649279117584	0.3338068425655365	0.5172212719917297
Orwoll_BI0131_BI	0.3646169304847717	0.3883068859577179	0	0.4222687482833862	0.4006152451038361	0.5693299174308777
Orwoll_BI0153_BI	0.366204708814621	0.4069649279117584	0.4222687482833862	0	0.2608364820480347	0.4297698140144348
Orwoll_BI0215_BI	0.3484474122524261	0.3338068425655365	0.4006152451038361	0.2608364820480347	0	0.4572696685791016
Orwoll_BI0353_BI	0.5317433476448059	0.5172212719917297	0.5693299174308777	0.4297698140144348	0.4572696685791016	0
